--- multipoles on reference trajectory (rz > 0) ---
effective_length:                   40.67233415417584 mm
perpendicular_grid:                 57 points in [-18.000000,+18.000000] mm
max_fitting_error_normal            0.063/60.470 G/G
max_fitting_error_skew              0.006/0.006 G/G
r0_for_relative_multipoles          17.5 mm
main_monomial                       n = 0, skew:False
                                       Nn(s=0)      Integ_Nn     Nn/N0(@r0)   |    Sn(s=0)      Integ_Sn     Sn/S0(@r0)  
<multipole_order n>                    [T/m^n]      [T.m/m^n]        []       |    [T/m^n]      [T.m/m^n]        []      
n=00:                                1.9064e-02    -7.7537e-04   +1.0000e+00  |      ---           ---           ---     
n=01:                                2.2747e-07    +8.9196e-08   -2.0131e-06  |      ---           ---           ---     
n=02:                                3.7276e+01    +9.8013e-01   -3.8712e-01  |      ---           ---           ---     
n=04:                                1.3755e+04    +1.7137e+02   -2.0729e-02  |      ---           ---           ---     
n=06:                                1.3046e+07    +3.0238e+05   -1.1201e-02  |      ---           ---           ---     
n=08:                                4.1637e+10    +7.9895e+08   -9.0639e-03  |      ---           ---           ---     
