--- multipoles on reference trajectory (rz > 0) ---
effective_length:                   40.6691775146687 mm
perpendicular_grid:                 57 points in [-18.000000,+18.000000] mm
max_fitting_error_normal            0.265/48.609 G/G
max_fitting_error_skew              0.003/0.003 G/G
r0_for_relative_multipoles          17.5 mm
main_monomial                       n = 0, skew:False
                                       Nn(s=0)      Integ_Nn     Nn/N0(@r0)   |    Sn(s=0)      Integ_Sn     Sn/S0(@r0)  
<multipole_order n>                    [T/m^n]      [T.m/m^n]        []       |    [T/m^n]      [T.m/m^n]        []      
n=00:                                1.9067e-02    -7.7543e-04   +1.0000e+00  |  4.7908e-09    -8.0541e-11   +1.0387e-07 
n=01:                                3.1974e-06    -1.7659e-07   +3.9854e-06  |  4.2613e-07    +3.3732e-08   -7.6127e-07 
n=02:                                3.7579e+01    +9.8594e-01   -3.8939e-01  |  2.2545e-04    -9.9970e-06   +3.9482e-06 
n=03:                                3.3704e-02    +4.5292e-03   -3.1304e-05  |  8.0927e-03    +2.6298e-04   -1.8176e-06 
n=04:                                8.7635e+03    +7.5597e+01   -9.1436e-03  |  1.7812e+00    +5.6268e-02   -6.8058e-06 
n=05:                                7.9111e+01    -1.3397e+01   +2.8357e-05  |  2.4540e+01    -5.1934e-01   +1.0993e-06 
n=06:                                3.8983e+07    +8.0007e+05   -2.9636e-02  |  1.3705e+03    -1.0816e+02   +4.0064e-06 
